# 100 nodes/6400 tasks running zmq-broker, nutcracker, keytama distribution
279
146
224
187
145
190
171
189
168
180
165
175
223
167
176
149
153
239
301
160
260
182
198
184
193
240
175
180
161
190
129
204
207
252
205
135
263
165
166
237
160
264
174
140
147
282
203
187
201
184
184
151
235
131
217
157
193
142
140
145
240
178
145
203
184
184
151
235
131
217
157
193
142
140
145
240
178
145
203
194
205
190
173
108
266
210
274
184
168
266
156
203
127
243
190
167
201
166
173
201
204
134
239
225
151
175
203
187
193
252
206
166
224
186
274
